 60.00000  20.00000   0.00000   0.00000   0.00000   0.00000
 22.98891  -0.00000 -25.47891  -0.90000  -0.90000  97.08623
 23.70633  -0.00000 -25.43384  -0.86000  -0.90000  83.56669
 24.43355  -0.00000 -25.34507  -0.82000  -0.90000  69.60377
 25.17153  -0.00000 -25.21047  -0.78000  -0.90000  54.90860
 25.92047  -0.00000 -25.02745  -0.74000  -0.90000  39.23633
 26.48911  -0.00000 -24.85665  -0.71000  -0.90000  26.71228
 27.25565  -0.00000 -24.58166  -0.67000  -0.90000   8.83640
 28.03009  -0.00000 -24.24957  -0.63000  -0.90000 -10.53448
 28.80997  -0.00000 -23.85691  -0.59000  -0.90000 -31.53784
 29.59203  -0.00000 -23.40019  -0.55000  -0.90000 -54.28017
 30.17761  -0.00000 -23.01355  -0.52000  -0.90000 -72.52182
 30.95326  -0.00000 -22.43665  -0.48000  -0.90000 -98.45023
 31.71794  -0.00000 -21.78692  -0.44000  -0.90000 -126.20173
 32.46532  -0.00000 -21.06189  -0.40000  -0.90000 -155.70891
 33.18822  -0.00000 -20.25975  -0.36000  -0.90000 -186.83981
 33.70959  -0.00000 -19.60688  -0.33000  -0.90000 -211.13407
 34.37019  -0.00000 -18.66789  -0.29000  -0.90000 -244.57148
 34.98301  -0.00000 -17.65144  -0.25000  -0.90000 -278.88852
 35.53864  -0.00000 -16.55961  -0.21000  -0.90000 -313.66898
 36.02747  -0.00000 -15.39587  -0.17000  -0.90000 -348.42329
 36.34449  -0.00000 -14.47882  -0.14000  -0.90000 -374.14076
 36.69356  -0.00000 -13.20216  -0.10000  -0.90000 -407.48573
 36.95044  -0.00000 -11.87100  -0.06000  -0.90000 -439.17126
 37.10711  -0.00000 -10.49454  -0.02000  -0.90000 -468.55164
 37.15466  -0.00000  -9.43877   0.01000  -0.90000 -488.69004
 37.13955  -0.00000  -8.36833   0.04000  -0.90000 -506.91595
 37.01874  -0.00000  -6.92734   0.08000  -0.90000 -527.83145
 36.78030  -0.00000  -5.48269   0.12000  -0.90000 -544.42353
 36.42318  -0.00000  -4.04793   0.16000  -0.90000 -556.28897
 35.94838  -0.00000  -2.63677   0.20000  -0.90000 -563.14066
 35.51675  -0.00000  -1.60201   0.23000  -0.90000 -564.88938
 34.84431  -0.00000  -0.26422   0.27000  -0.90000 -562.67074
 34.06698   0.00000   1.01453   0.31000  -0.90000 -555.33590
 33.19271   0.00000   2.22320   0.35000  -0.90000 -543.10134
 32.23087   0.00000   3.35214   0.39000  -0.90000 -526.30563
 31.45831   0.00000   4.14165   0.42000  -0.90000 -510.97919
 30.36895   0.00000   5.11285   0.46000  -0.90000 -487.32067
 29.22256   0.00000   5.98658   0.50000  -0.90000 -460.50843
 28.03097   0.00000   6.75975   0.54000  -0.90000 -431.15703
 26.80590   0.00000   7.43103   0.58000  -0.90000 -399.89531
 25.87194   0.00000   7.86776   0.61000  -0.90000 -375.56869
 24.61507   0.00000   8.36238   0.65000  -0.90000 -342.43505
 23.35409   0.00000   8.75934   0.69000  -0.90000 -309.00693
 22.09804   0.00000   9.06246   0.73000  -0.90000 -275.77738
 20.85490   0.00000   9.27642   0.77000  -0.90000 -243.17044
 19.93517   0.00000   9.38155   0.80000  -0.90000 -219.33711
 18.73040   0.00000   9.45246   0.84000  -0.90000 -188.61605
 17.55463   0.00000   9.44961   0.88000  -0.90000 -159.29914
 16.41166   0.00000   9.37892   0.92000  -0.90000 -131.53520
 15.30428   0.00000   9.24620   0.96000  -0.90000 -105.40885
 14.49826   0.00000   9.10932   0.99000  -0.90000 -86.90716
 13.45720   0.00000   8.88128   1.03000  -0.90000 -63.68213
 12.45501   0.00000   8.60565   1.07000  -0.90000 -42.05390
 11.49157   0.00000   8.28685   1.11000  -0.90000 -21.92843
 10.56619   0.00000   7.92873   1.15000  -0.90000  -3.17793
  9.89645   0.00000   7.63631   1.18000  -0.90000  10.07687
  9.03463   0.00000   7.21674   1.22000  -0.90000  26.82097
  8.20669   0.00000   6.76505   1.26000  -0.90000  42.70129
  7.41044   0.00000   6.28244   1.30000  -0.90000  57.97119
  6.64334   0.00000   5.76914   1.34000  -0.90000  72.93867
 22.98891  -0.00000 -25.47891  -0.90000  -0.90000  97.08623
 23.84461  -0.00000 -25.37369  -0.86000  -0.89000  87.79833
 24.57184  -0.00000 -25.28493  -0.82000  -0.89000  73.92196
 25.30981  -0.00000 -25.15033  -0.78000  -0.89000  59.31829
 26.05876  -0.00000 -24.96731  -0.74000  -0.89000  43.73853
 26.62740  -0.00000 -24.79651  -0.71000  -0.89000  31.28217
 27.53200  -0.00000 -24.45904  -0.67000  -0.88000  18.18540
 28.30645  -0.00000 -24.12695  -0.63000  -0.88000  -1.03810
 29.08632  -0.00000 -23.73429  -0.59000  -0.88000 -21.92316
 29.86839  -0.00000 -23.27757  -0.55000  -0.88000 -44.58552
 30.45397  -0.00000 -22.89093  -0.52000  -0.88000 -62.79818
 31.36747  -0.00000 -22.24918  -0.48000  -0.87000 -83.83542
 32.13216  -0.00000 -21.59945  -0.44000  -0.87000 -111.70790
 32.87953  -0.00000 -20.87443  -0.40000  -0.87000 -141.45136
 33.60243  -0.00000 -20.07228  -0.36000  -0.87000 -172.94899
 34.12380  -0.00000 -19.41941  -0.33000  -0.87000 -197.61250
 34.92207  -0.00000 -18.41319  -0.29000  -0.86000 -227.35419
 35.53489  -0.00000 -17.39674  -0.25000  -0.86000 -262.74157
 36.09052  -0.00000 -16.30491  -0.21000  -0.86000 -298.82398
 36.57935  -0.00000 -15.14117  -0.17000  -0.86000 -335.11724
 36.89637  -0.00000 -14.22412  -0.14000  -0.86000 -362.14437
 37.38292  -0.00000 -12.87779  -0.10000  -0.85000 -394.96217
 37.63980  -0.00000 -11.54664  -0.06000  -0.85000 -429.37858
 37.79647  -0.00000 -10.17018  -0.02000  -0.85000 -461.73981
 37.84402  -0.00000  -9.11441   0.01000  -0.85000 -484.25774
 37.82891  -0.00000  -8.04397   0.04000  -0.85000 -504.96735
 37.84540  -0.00000  -6.53087   0.08000  -0.84000 -529.76009
 37.60696  -0.00000  -5.08621   0.12000  -0.84000 -550.62187
 37.24985  -0.00000  -3.65146   0.16000  -0.84000 -566.80368
 36.77504  -0.00000  -2.24029   0.20000  -0.84000 -577.94602
 36.34341  -0.00000  -1.20553   0.23000  -0.84000 -582.85201
 35.80810   0.00000   0.20685   0.27000  -0.83000 -588.65390
 35.03077   0.00000   1.48561   0.31000  -0.83000 -585.83800
 34.15649   0.00000   2.69427   0.35000  -0.83000 -577.79480
 33.19466   0.00000   3.82322   0.39000  -0.83000 -564.80341
 32.42209   0.00000   4.61272   0.42000  -0.83000 -552.04746
 31.46969   0.00000   5.66105   0.46000  -0.82000 -538.10566
 30.32330   0.00000   6.53478   0.50000  -0.82000 -514.20662
 29.13171   0.00000   7.30794   0.54000  -0.82000 -487.20301
 27.90663   0.00000   7.97923   0.58000  -0.82000 -457.72925
 26.97267   0.00000   8.41596   0.61000  -0.82000 -434.38738
 25.85257   0.00000   8.99024   0.65000  -0.81000 -410.04003
 24.59159   0.00000   9.38720   0.69000  -0.81000 -377.03809
 23.33554   0.00000   9.69032   0.73000  -0.81000 -343.74316
 22.09240   0.00000   9.90429   0.77000  -0.81000 -310.63666
 21.17268   0.00000  10.00941   0.80000  -0.81000 -286.17998
 20.10449   0.00000  10.16258   0.84000  -0.80000 -262.12691
 18.92872   0.00000  10.15973   0.88000  -0.80000 -231.26121
 17.78575   0.00000  10.08903   0.92000  -0.80000 -201.71325
 16.67836   0.00000   9.95631   0.96000  -0.80000 -173.62773
 15.87235   0.00000   9.81944   0.99000  -0.80000 -153.57507
 14.96768   0.00000   9.67626   1.03000  -0.79000 -135.12645
 13.96549   0.00000   9.40063   1.07000  -0.79000 -111.09065
 13.00205   0.00000   9.08184   1.11000  -0.79000 -88.56119
 12.07667   0.00000   8.72372   1.15000  -0.79000 -67.44928
 11.40693   0.00000   8.43129   1.18000  -0.79000 -52.47221
 10.68129   0.00000   8.09924   1.22000  -0.78000 -39.44192
  9.85336   0.00000   7.64756   1.26000  -0.78000 -21.28140
  9.05711   0.00000   7.16494   1.30000  -0.78000  -3.90515
  8.29000   0.00000   6.65164   1.34000  -0.78000  12.96103
 22.98891  -0.00000 -25.47891  -0.90000  -0.90000  97.08623
 23.84461  -0.00000 -25.37369  -0.86000  -0.89000  87.79833
 24.57184  -0.00000 -25.28493  -0.82000  -0.89000  73.92196
 25.44788  -0.00000 -25.08785  -0.78000  -0.88000  63.77228
 26.19683  -0.00000 -24.90483  -0.74000  -0.88000  48.28351
 26.76547  -0.00000 -24.73403  -0.71000  -0.88000  35.89357
 27.66986  -0.00000 -24.39419  -0.67000  -0.87000  22.92383
 28.44430  -0.00000 -24.06210  -0.63000  -0.87000   3.77125
 29.36185  -0.00000 -23.60221  -0.59000  -0.86000 -12.14695
 30.14391  -0.00000 -23.14549  -0.55000  -0.86000 -34.73894
 30.72949  -0.00000 -22.75885  -0.52000  -0.86000 -52.93097
 31.64262  -0.00000 -22.11229  -0.48000  -0.85000 -73.90583
 32.40730  -0.00000 -21.46256  -0.44000  -0.85000 -101.87562
 33.29198  -0.00000 -20.66542  -0.40000  -0.84000 -126.90015
 34.01488  -0.00000 -19.86327  -0.36000  -0.84000 -158.80318
 34.53625  -0.00000 -19.21040  -0.33000  -0.84000 -183.86862
 35.33398  -0.00000 -18.19681  -0.29000  -0.83000 -214.17432
 35.94680  -0.00000 -17.18036  -0.25000  -0.83000 -250.42432
 36.63938  -0.00000 -16.01141  -0.21000  -0.82000 -283.71315
 37.12821  -0.00000 -14.84767  -0.17000  -0.82000 -321.65488
 37.44523  -0.00000 -13.93062  -0.14000  -0.82000 -350.08018
 37.93107  -0.00000 -12.57429  -0.10000  -0.81000 -384.88010
 38.18795  -0.00000 -11.24314  -0.06000  -0.81000 -421.62851
 38.48120  -0.00000  -9.78443  -0.02000  -0.80000 -455.17151
 38.52875  -0.00000  -8.72865   0.01000  -0.80000 -480.23542
 38.51364  -0.00000  -7.65821   0.04000  -0.80000 -503.59863
 38.52922  -0.00000  -6.13236   0.08000  -0.79000 -532.06406
 38.29078  -0.00000  -4.68770   0.12000  -0.79000 -556.73988
 38.06985  -0.00000  -3.16543   0.16000  -0.78000 -578.78053
 37.59504  -0.00000  -1.75426   0.20000  -0.78000 -594.54052
 37.16342  -0.00000  -0.71950   0.23000  -0.78000 -602.84036
 36.62695   0.00000   0.70849   0.27000  -0.77000 -613.22406
 35.84961   0.00000   1.98724   0.31000  -0.77000 -614.59787
 35.11108   0.00000   3.28884   0.35000  -0.76000 -616.02171
 34.14924   0.00000   4.41778   0.39000  -0.76000 -607.17000
 33.37667   0.00000   5.20729   0.42000  -0.76000 -597.20841
 32.42280   0.00000   6.27418   0.46000  -0.75000 -587.02726
 31.27641   0.00000   7.14790   0.50000  -0.75000 -565.93270
 30.22002   0.00000   8.01955   0.54000  -0.74000 -549.20001
 28.99495   0.00000   8.69083   0.58000  -0.74000 -521.72034
 28.06099   0.00000   9.12756   0.61000  -0.74000 -499.47930
 26.93902   0.00000   9.72347   0.65000  -0.73000 -476.83608
 25.67804   0.00000  10.12043   0.69000  -0.73000 -444.30021
 24.55657   0.00000  10.52772   0.73000  -0.72000 -419.82214
 23.31343   0.00000  10.74168   0.77000  -0.72000 -386.21781
 22.39371   0.00000  10.84681   0.80000  -0.72000 -361.10610
 21.32316   0.00000  11.02478   0.84000  -0.71000 -336.78744
 20.14739   0.00000  11.02193   0.88000  -0.71000 -304.42983
 19.13826   0.00000  11.06122   0.92000  -0.70000 -281.61381
 18.03088   0.00000  10.92850   0.96000  -0.70000 -251.39542
 17.22486   0.00000  10.79163   0.99000  -0.70000 -229.64476
 16.31722   0.00000  10.67653   1.03000  -0.69000 -209.90110
 15.31503   0.00000  10.40091   1.07000  -0.69000 -183.45985
 14.48456   0.00000  10.19807   1.11000  -0.68000 -166.11651
 13.55918   0.00000   9.83995   1.15000  -0.68000 -142.39077
 12.88943   0.00000   9.54752   1.18000  -0.68000 -125.50417
 12.16008   0.00000   9.24695   1.22000  -0.67000 -111.17843
 11.33215   0.00000   8.79526   1.26000  -0.67000 -90.70680
 10.66783   0.00000   8.43471   1.30000  -0.66000 -77.98765
  9.90073   0.00000   7.92141   1.34000  -0.66000 -59.04125
 22.98891  -0.00000 -25.47891  -0.90000  -0.90000  97.08623
 23.84461  -0.00000 -25.37369  -0.86000  -0.89000  87.79833
 24.70990  -0.00000 -25.22245  -0.82000  -0.88000  78.28583
 25.44788  -0.00000 -25.08785  -0.78000  -0.88000  63.77228
 26.33469  -0.00000 -24.83998  -0.74000  -0.87000  52.87492
 26.90333  -0.00000 -24.66919  -0.71000  -0.87000  40.55050
 27.80753  -0.00000 -24.32696  -0.67000  -0.86000  27.71067
 28.71945  -0.00000 -23.92521  -0.63000  -0.85000  13.53623
 29.49933  -0.00000 -23.53255  -0.59000  -0.85000  -7.18512
 30.41870  -0.00000 -23.00371  -0.55000  -0.84000 -24.69449
 31.00427  -0.00000 -22.61707  -0.52000  -0.84000 -42.87083
 31.91704  -0.00000 -21.96557  -0.48000  -0.83000 -63.76653
 32.81868  -0.00000 -21.23872  -0.44000  -0.82000 -86.73292
 33.56605  -0.00000 -20.51370  -0.40000  -0.82000 -116.93660
 34.42572  -0.00000 -19.63188  -0.36000  -0.81000 -144.18778
 34.94710  -0.00000 -18.97901  -0.33000  -0.81000 -169.67671
 35.74428  -0.00000 -17.95777  -0.29000  -0.80000 -200.50704
 36.49349  -0.00000 -16.85645  -0.25000  -0.79000 -233.26145
 37.04912  -0.00000 -15.76462  -0.21000  -0.79000 -271.84352
 37.67414  -0.00000 -14.51336  -0.17000  -0.78000 -307.41346
 37.99116  -0.00000 -13.59631  -0.14000  -0.78000 -337.30837
 38.47620  -0.00000 -12.22944  -0.10000  -0.77000 -374.04527
 38.86881  -0.00000 -10.80536  -0.06000  -0.76000 -410.97491
 39.02548  -0.00000  -9.42890  -0.02000  -0.76000 -449.22947
 39.20851  -0.00000  -8.27744   0.01000  -0.75000 -475.34051
 39.19340  -0.00000  -7.20700   0.04000  -0.75000 -501.52757
 39.20779  -0.00000  -5.66755   0.08000  -0.74000 -533.66785
 39.10425  -0.00000  -4.12159   0.12000  -0.73000 -563.39394
 38.74714  -0.00000  -2.68684   0.16000  -0.73000 -588.39993
 38.40691  -0.00000  -1.17151   0.20000  -0.72000 -610.95668
 37.97528  -0.00000  -0.13675   0.23000  -0.72000 -622.95602
 37.43708   0.00000   1.30809   0.27000  -0.71000 -638.03786
 36.79358   0.00000   2.69683   0.31000  -0.70000 -648.87093
 35.91931   0.00000   3.90550   0.35000  -0.70000 -649.76042
 35.09089   0.00000   5.14740   0.39000  -0.69000 -651.19871
 34.31833   0.00000   5.93690   0.42000  -0.69000 -644.43150
 33.36194   0.00000   7.02407   0.46000  -0.68000 -638.24264
 32.34802   0.00000   8.01679   0.50000  -0.67000 -628.35671
 31.15643   0.00000   8.78996   0.54000  -0.67000 -606.75876
 30.06329   0.00000   9.58331   0.58000  -0.66000 -590.21158
 29.12933   0.00000  10.02004   0.61000  -0.66000 -569.45201
 28.00381   0.00000  10.63982   0.65000  -0.65000 -548.78261
 26.87356   0.00000  11.16508   0.69000  -0.64000 -526.55909
 25.61752   0.00000  11.46821   0.73000  -0.64000 -493.65317
 24.50443   0.00000  11.81364   0.77000  -0.63000 -469.53859
 23.58470   0.00000  11.91877   0.80000  -0.63000 -444.02899
 22.50926   0.00000  12.12436   0.84000  -0.62000 -419.67465
 21.46205   0.00000  12.25941   0.88000  -0.61000 -395.64379
 20.31907   0.00000  12.18872   0.92000  -0.61000 -362.66001
 19.33941   0.00000  12.19717   0.96000  -0.60000 -340.03395
 18.53339   0.00000  12.06029   0.99000  -0.60000 -316.69758
 17.61916   0.00000  11.97671   1.03000  -0.59000 -295.84919
 16.74284   0.00000  11.84886   1.07000  -0.58000 -276.09883
 15.77940   0.00000  11.53007   1.11000  -0.58000 -248.58507
 14.97887   0.00000  11.32307   1.15000  -0.57000 -231.21901
 14.30913   0.00000  11.03065   1.18000  -0.57000 -212.46239
 13.57108   0.00000  10.76558   1.22000  -0.56000 -197.10096
 12.86576   0.00000  10.47179   1.26000  -0.55000 -182.77057
 12.06951   0.00000   9.98917   1.30000  -0.55000 -161.05296
 11.42380   0.00000   9.63719   1.34000  -0.54000 -148.54546
 22.98891  -0.00000 -25.47891  -0.90000  -0.90000  97.08623
 23.84461  -0.00000 -25.37369  -0.86000  -0.89000  87.79833
 24.70990  -0.00000 -25.22245  -0.82000  -0.88000  78.28583
 25.58574  -0.00000 -25.02301  -0.78000  -0.87000  68.27377
 26.47235  -0.00000 -24.77275  -0.74000  -0.86000  57.51621
 27.04099  -0.00000 -24.60195  -0.71000  -0.86000  45.25675
 27.94501  -0.00000 -24.25730  -0.67000  -0.85000  32.54996
 28.85675  -0.00000 -23.85309  -0.63000  -0.84000  18.50068
 29.77376  -0.00000 -23.38583  -0.59000  -0.83000   2.90992
 30.69277  -0.00000 -22.85199  -0.55000  -0.82000 -14.41078
 31.27835  -0.00000 -22.46535  -0.52000  -0.82000 -32.57326
 32.19076  -0.00000 -21.80878  -0.48000  -0.81000 -53.37092
 33.09203  -0.00000 -21.07680  -0.44000  -0.80000 -76.30230
 33.97580  -0.00000 -20.26691  -0.40000  -0.79000 -101.46481
 34.83488  -0.00000 -19.37724  -0.36000  -0.78000 -128.91353
 35.35626  -0.00000 -18.72437  -0.33000  -0.78000 -154.83717
 36.15283  -0.00000 -17.69518  -0.29000  -0.77000 -186.14662
 36.90138  -0.00000 -16.58580  -0.25000  -0.76000 -219.55547
 37.59249  -0.00000 -15.39828  -0.21000  -0.75000 -254.87652
 38.21652  -0.00000 -14.13607  -0.17000  -0.74000 -291.84382
 38.53354  -0.00000 -13.21902  -0.14000  -0.74000 -323.26270
 39.01752  -0.00000 -11.84106  -0.10000  -0.73000 -361.88483
 39.40898  -0.00000 -10.40575  -0.06000  -0.72000 -400.96764
 39.69987  -0.00000  -8.92223  -0.02000  -0.71000 -439.97307
 39.88126  -0.00000  -7.75646   0.01000  -0.70000 -468.41419
 39.86615  -0.00000  -6.68602   0.04000  -0.70000 -497.58903
 39.87876  -0.00000  -5.13208   0.08000  -0.69000 -533.41812
 39.77328  -0.00000  -3.57147   0.12000  -0.68000 -567.02645
 39.54864  -0.00000  -2.01772   0.16000  -0.67000 -597.83207
 39.20577  -0.00000  -0.48450   0.20000  -0.66000 -625.30415
 38.77414   0.00000   0.55026   0.23000  -0.66000 -641.35654
 38.23306   0.00000   2.01322   0.27000  -0.65000 -661.32002
 37.58646   0.00000   3.42028   0.31000  -0.64000 -676.92517
 36.84224   0.00000   4.76042   0.35000  -0.63000 -688.00067
 36.00973   0.00000   6.02403   0.39000  -0.62000 -694.49079
 35.23717   0.00000   6.81354   0.42000  -0.62000 -691.46084
 34.27637   0.00000   7.92266   0.46000  -0.61000 -689.63981
 33.25769   0.00000   8.93755   0.50000  -0.60000 -683.69505
 32.19293   0.00000   9.85518   0.54000  -0.59000 -673.95823
 31.09372   0.00000  10.67425   0.58000  -0.58000 -660.82868
 30.15976   0.00000  11.11098   0.61000  -0.58000 -642.16948
 29.02775   0.00000  11.75672   0.65000  -0.57000 -623.94021
 27.89054   0.00000  12.30818   0.69000  -0.56000 -603.65614
 26.75711   0.00000  12.76920   0.73000  -0.55000 -581.79753
 25.63537   0.00000  13.14447   0.77000  -0.54000 -558.82556
 24.71564   0.00000  13.24960   0.80000  -0.54000 -533.46719
 23.63097   0.00000  13.48527   0.84000  -0.53000 -509.50080
 22.57394   0.00000  13.65063   0.88000  -0.52000 -485.53313
 21.54825   0.00000  13.75163   0.92000  -0.51000 -461.86792
 20.55663   0.00000  13.79409   0.96000  -0.50000 -438.76054
 19.75061   0.00000  13.65721   0.99000  -0.50000 -414.25129
 18.82370   0.00000  13.60785   1.03000  -0.49000 -392.63536
 17.93397   0.00000  13.51443   1.07000  -0.48000 -372.05473
 17.08120   0.00000  13.38137   1.11000  -0.47000 -352.60494
 16.26463   0.00000  13.21251   1.15000  -0.46000 -334.35184
 15.59489   0.00000  12.92008   1.18000  -0.46000 -314.06149
 14.83991   0.00000  12.69331   1.22000  -0.45000 -298.02263
 14.11677   0.00000  12.43797   1.26000  -0.44000 -283.23917
 13.42316   0.00000  12.15522   1.30000  -0.43000 -269.71157
 12.75646   0.00000  11.84533   1.34000  -0.42000 -257.43986
 22.98891  -0.00000 -25.47891  -0.90000  -0.90000  97.08623
 23.84461  -0.00000 -25.37369  -0.86000  -0.89000  87.79833
 24.70990  -0.00000 -25.22245  -0.82000  -0.88000  78.28583
 25.58574  -0.00000 -25.02301  -0.78000  -0.87000  68.27377
 26.47235  -0.00000 -24.77275  -0.74000  -0.86000  57.51621
 27.17847  -0.00000 -24.53229  -0.71000  -0.85000  50.01588
 28.08231  -0.00000 -24.18518  -0.67000  -0.84000  37.44552
 28.99388  -0.00000 -23.77849  -0.63000  -0.83000  23.52527
 29.91070  -0.00000 -23.30871  -0.59000  -0.82000   8.05200
 30.82954  -0.00000 -22.77232  -0.55000  -0.81000  -9.16732
 31.55170  -0.00000 -22.30343  -0.52000  -0.80000 -21.99768
 32.46374  -0.00000 -21.64166  -0.48000  -0.79000 -42.67625
 33.36461  -0.00000 -20.90441  -0.44000  -0.78000 -65.55032
 34.24795  -0.00000 -20.08918  -0.40000  -0.77000 -90.72913
 35.10658  -0.00000 -19.19411  -0.36000  -0.76000 -118.27993
 35.76344  -0.00000 -18.44555  -0.33000  -0.75000 -139.16979
 36.55924  -0.00000 -17.40809  -0.29000  -0.74000 -170.90528
 37.30697  -0.00000 -16.29034  -0.25000  -0.73000 -204.91635
 37.99718  -0.00000 -15.09435  -0.21000  -0.72000 -241.02993
 38.62023  -0.00000 -13.82355  -0.17000  -0.71000 -278.99124
 39.07109  -0.00000 -12.79651  -0.14000  -0.70000 -307.42215
 39.55359  -0.00000 -11.40690  -0.10000  -0.69000 -347.86394
 39.94343  -0.00000  -9.95979  -0.06000  -0.68000 -389.04594
 40.23257  -0.00000  -8.46433  -0.02000  -0.67000 -430.42100
 40.41205  -0.00000  -7.28649   0.01000  -0.66000 -460.66486
 40.52830  -0.00000  -6.09089   0.04000  -0.65000 -490.66009
 40.53822  -0.00000  -4.52160   0.08000  -0.64000 -530.18220
 40.42983  -0.00000  -2.94547   0.12000  -0.63000 -567.70631
 40.20205  -0.00000  -1.37604   0.16000  -0.62000 -602.59865
 39.85579   0.00000   0.17303   0.20000  -0.61000 -634.27066
 39.55188   0.00000   1.34896   0.23000  -0.60000 -656.11052
 39.00627   0.00000   2.83121   0.27000  -0.59000 -681.16387
 38.35481   0.00000   4.25775   0.31000  -0.58000 -701.78701
 37.60539   0.00000   5.61754   0.35000  -0.57000 -717.73625
 36.76732   0.00000   6.90098   0.39000  -0.56000 -728.88898
 36.11738   0.00000   7.84838   0.42000  -0.55000 -735.59241
 35.14942   0.00000   8.98090   0.46000  -0.54000 -738.60369
 34.12313   0.00000  10.01939   0.50000  -0.53000 -737.08262
 33.05028   0.00000  10.96077   0.54000  -0.52000 -731.32628
 31.94249   0.00000  11.80374   0.58000  -0.51000 -721.71317
 31.12429   0.00000  12.41566   0.61000  -0.50000 -714.44685
 29.98157   0.00000  13.08895   0.65000  -0.49000 -699.27604
 28.83304   0.00000  13.66812   0.69000  -0.48000 -681.53053
 27.68767   0.00000  14.15698   0.73000  -0.47000 -661.71739
 26.55334   0.00000  14.56020   0.77000  -0.46000 -640.33370
 25.74046   0.00000  14.85813   0.80000  -0.45000 -626.12496
 24.64048   0.00000  15.12538   0.84000  -0.44000 -603.14720
 23.56735   0.00000  15.32240   0.88000  -0.43000 -579.79981
 22.52478   0.00000  15.45511   0.92000  -0.42000 -556.44518
 21.51545   0.00000  15.52932   0.96000  -0.41000 -533.39789
 20.80505   0.00000  15.60289   0.99000  -0.40000 -519.14358
 19.85706   0.00000  15.58878   1.03000  -0.39000 -497.25080
 18.94530   0.00000  15.53058   1.07000  -0.38000 -476.29292
 18.06952   0.00000  15.43267   1.11000  -0.37000 -456.42768
 17.22895   0.00000  15.29888   1.15000  -0.36000 -437.78309
 16.64106   0.00000  15.23418   1.18000  -0.35000 -427.32105
 15.85801   0.00000  15.04572   1.22000  -0.34000 -411.05813
 15.10566   0.00000  14.82848   1.26000  -0.33000 -396.28263
 14.38171   0.00000  14.58361   1.30000  -0.32000 -383.08806
 13.68350   0.00000  14.31132   1.34000  -0.31000 -371.59015
 22.98891  -0.00000 -25.47891  -0.90000  -0.90000  97.08623
 23.98268  -0.00000 -25.31122  -0.86000  -0.88000  92.07700
 24.84776  -0.00000 -25.15761  -0.82000  -0.87000  82.69815
 25.72340  -0.00000 -24.95577  -0.78000  -0.86000  72.82574
 26.60983  -0.00000 -24.70309  -0.74000  -0.85000  62.21059
 27.31577  -0.00000 -24.46017  -0.71000  -0.84000  54.83127
 28.35638  -0.00000 -24.03346  -0.67000  -0.82000  47.41965
 29.26760  -0.00000 -23.62170  -0.63000  -0.81000  33.77010
 30.18406  -0.00000 -23.14679  -0.59000  -0.80000  18.54589
 31.10251  -0.00000 -22.60520  -0.55000  -0.79000   1.54476
 31.82428  -0.00000 -22.13104  -0.52000  -0.78000 -11.10693
 32.87162  -0.00000 -21.37101  -0.48000  -0.76000 -25.98806
 33.77179  -0.00000 -20.62559  -0.44000  -0.75000 -48.72914
 34.65437  -0.00000 -19.80210  -0.40000  -0.74000 -73.88331
 35.51217  -0.00000 -18.89865  -0.36000  -0.73000 -101.53660
 36.16813  -0.00000 -18.14162  -0.33000  -0.72000 -122.50933
 37.09679  -0.00000 -16.98559  -0.29000  -0.70000 -148.91437
 37.84303  -0.00000 -15.85618  -0.25000  -0.69000 -183.63193
 38.53163  -0.00000 -14.64839  -0.21000  -0.68000 -220.70868
 39.15293  -0.00000 -13.36566  -0.17000  -0.67000 -259.90673
 39.60188  -0.00000 -12.32654  -0.14000  -0.66000 -289.29525
 40.21304  -0.00000 -10.79641  -0.10000  -0.64000 -326.94471
 40.59997  -0.00000  -9.33379  -0.06000  -0.63000 -370.64564
 40.88597  -0.00000  -7.82265  -0.02000  -0.62000 -414.89844
 41.06208  -0.00000  -6.62896   0.01000  -0.61000 -447.29897
 41.17468  -0.00000  -5.41736   0.04000  -0.60000 -479.62357
 41.30657  -0.00000  -3.68413   0.08000  -0.58000 -520.74431
 41.19297  -0.00000  -2.08835   0.12000  -0.57000 -562.97719
 40.95964  -0.00000  -0.49909   0.16000  -0.56000 -602.82909
 40.60745   0.00000   1.06997   0.20000  -0.55000 -639.64287
 40.29722   0.00000   2.26604   0.23000  -0.54000 -665.13129
 39.86362   0.00000   3.93679   0.27000  -0.52000 -697.15991
 39.20357   0.00000   5.38724   0.31000  -0.51000 -723.94264
 38.44506   0.00000   6.77109   0.35000  -0.50000 -745.93656
 37.59737   0.00000   8.07872   0.39000  -0.49000 -762.93479
 36.93726   0.00000   9.05043   0.42000  -0.48000 -773.56261
 36.06739   0.00000  10.39663   0.46000  -0.46000 -787.42060
 35.02784   0.00000  11.46316   0.50000  -0.45000 -791.60872
 33.94105   0.00000  12.43266   0.54000  -0.44000 -791.07797
 32.81862   0.00000  13.30382   0.58000  -0.43000 -786.17195
 31.98506   0.00000  13.94396   0.61000  -0.42000 -781.85141
 30.92186   0.00000  14.85594   0.65000  -0.40000 -778.80798
 29.75395   0.00000  15.46684   0.69000  -0.39000 -764.77478
 28.58832   0.00000  15.98739   0.73000  -0.38000 -748.09139
 27.43285   0.00000  16.42224   0.77000  -0.37000 -729.28751
 26.59794   0.00000  16.75169   0.80000  -0.36000 -716.52045
 25.55378   0.00000  17.28144   0.84000  -0.34000 -705.12425
 24.45360   0.00000  17.51304   0.88000  -0.33000 -683.30162
 23.38292   0.00000  17.68010   0.92000  -0.32000 -661.06660
 22.34444   0.00000  17.78838   0.96000  -0.31000 -638.79964
 21.60380   0.00000  17.89571   0.99000  -0.30000 -624.86046
 20.68253   0.00000  18.16549   1.03000  -0.28000 -613.66997
 19.73452   0.00000  18.14336   1.07000  -0.27000 -592.98025
 18.82130   0.00000  18.08103   1.11000  -0.26000 -573.28236
 17.94208   0.00000  17.98227   1.15000  -0.25000 -554.78012
 17.31432   0.00000  17.95203   1.18000  -0.24000 -544.41724
 16.52351   0.00000  18.06497   1.22000  -0.22000 -538.93886
 15.72439   0.00000  17.88344   1.26000  -0.21000 -524.74697
 14.95235   0.00000  17.67345   1.30000  -0.20000 -512.47705
 14.20476   0.00000  17.43514   1.34000  -0.19000 -502.39102
 22.98891  -0.00000 -25.47891  -0.90000  -0.90000  97.08623
 23.98268  -0.00000 -25.31122  -0.86000  -0.88000  92.07700
 24.84776  -0.00000 -25.15761  -0.82000  -0.87000  82.69815
 25.86089  -0.00000 -24.88611  -0.78000  -0.85000  77.43098
 26.74714  -0.00000 -24.63097  -0.74000  -0.84000  66.96111
 27.45290  -0.00000 -24.38557  -0.71000  -0.83000  59.70607
 28.49315  -0.00000 -23.95379  -0.67000  -0.81000  52.50490
 29.40418  -0.00000 -23.53945  -0.63000  -0.80000  38.99751
 30.45664  -0.00000 -22.97440  -0.59000  -0.78000  29.34475
 31.37467  -0.00000 -22.42747  -0.55000  -0.77000  12.58418
 32.09598  -0.00000 -21.94791  -0.52000  -0.76000   0.13323
 33.14231  -0.00000 -21.17685  -0.48000  -0.74000 -14.37946
 34.04190  -0.00000 -20.42582  -0.44000  -0.73000 -36.99701
 35.05808  -0.00000 -19.48958  -0.40000  -0.71000 -56.02506
 35.91482  -0.00000 -18.57744  -0.36000  -0.70000 -83.71211
 36.56961  -0.00000 -17.81162  -0.33000  -0.69000 -104.70295
 37.49565  -0.00000 -16.63768  -0.29000  -0.67000 -130.96120
 38.24040  -0.00000 -15.49917  -0.25000  -0.66000 -166.12345
 39.05812  -0.00000 -14.15386  -0.21000  -0.64000 -197.87200
 39.67700  -0.00000 -12.85865  -0.17000  -0.63000 -238.18316
 40.12335  -0.00000 -11.80692  -0.14000  -0.62000 -268.41295
 40.72870  -0.00000 -10.25118  -0.10000  -0.60000 -306.89602
 41.11240  -0.00000  -8.77557  -0.06000  -0.59000 -352.49801
 41.51979  -0.00000  -7.10020  -0.02000  -0.57000 -394.41198
 41.69111  -0.00000  -5.88993   0.01000  -0.56000 -428.82982
 41.79862  -0.00000  -4.66159   0.04000  -0.55000 -463.35802
 41.91931  -0.00000  -2.89454   0.08000  -0.53000 -506.88308
 41.79960  -0.00000  -1.28167   0.12000  -0.52000 -553.00009
 41.67554   0.00000   0.49996   0.16000  -0.50000 -595.03871
 41.31488   0.00000   2.08981   0.20000  -0.49000 -637.05041
 40.99571   0.00000   3.30678   0.23000  -0.48000 -666.17092
 40.54275   0.00000   5.01955   0.27000  -0.46000 -702.10187
 39.87226   0.00000   6.49111   0.31000  -0.45000 -734.38322
 39.20543   0.00000   8.09599   0.35000  -0.43000 -763.54817
 38.34399   0.00000   9.42833   0.39000  -0.42000 -786.79869
 37.66948   0.00000  10.42477   0.42000  -0.41000 -801.54869
 36.76881   0.00000  11.82036   0.46000  -0.39000 -819.54562
 35.71284   0.00000  12.91151   0.50000  -0.38000 -829.30512
 34.69373   0.00000  14.12989   0.54000  -0.36000 -839.09677
 33.55051   0.00000  15.02891   0.58000  -0.35000 -839.66935
 32.69532   0.00000  15.69675   0.61000  -0.34000 -838.68907
 31.58634   0.00000  16.66355   0.65000  -0.32000 -838.54988
 30.39425   0.00000  17.30152   0.69000  -0.31000 -828.65667
 29.26534   0.00000  18.09622   0.73000  -0.29000 -823.05841
 28.08023   0.00000  18.56064   0.77000  -0.28000 -807.79073
 27.21468   0.00000  18.91926   0.80000  -0.27000 -796.91526
 26.10629   0.00000  19.50600   0.84000  -0.25000 -786.58352
 24.97250   0.00000  19.76534   0.88000  -0.24000 -767.02526
 23.90054   0.00000  20.22715   0.92000  -0.22000 -755.22401
 22.82197   0.00000  20.36458   0.96000  -0.21000 -734.64869
 22.04017   0.00000  20.50033   0.99000  -0.20000 -721.37210
 21.03333   0.00000  20.82455   1.03000  -0.18000 -709.83634
 20.04095   0.00000  20.82836   1.07000  -0.17000 -690.15450
 19.08204   0.00000  21.07445   1.11000  -0.15000 -680.18521
 18.15120   0.00000  21.00156   1.15000  -0.14000 -662.54621
 17.47073   0.00000  20.99603   1.18000  -0.13000 -652.43078
 16.57133   0.00000  21.15480   1.22000  -0.11000 -646.29840
 15.71639   0.00000  20.99427   1.26000  -0.10000 -633.19334
 14.84932   0.00000  21.09724   1.30000  -0.08000 -631.23735
 14.03828   0.00000  20.87806   1.34000  -0.07000 -623.04397
 22.98891  -0.00000 -25.47891  -0.90000  -0.90000  97.08623
 23.98268  -0.00000 -25.31122  -0.86000  -0.88000  92.07700
 24.98543  -0.00000 -25.09037  -0.82000  -0.86000  87.16147
 25.86089  -0.00000 -24.88611  -0.78000  -0.85000  77.43098
 26.88426  -0.00000 -24.55637  -0.74000  -0.83000  71.77064
 27.58985  -0.00000 -24.30845  -0.71000  -0.82000  64.64331
 28.62974  -0.00000 -23.87154  -0.67000  -0.80000  57.65976
 29.67676  -0.00000 -23.36706  -0.63000  -0.78000  49.67896
 30.59260  -0.00000 -22.88420  -0.59000  -0.77000  34.86740
 31.64588  -0.00000 -22.23886  -0.55000  -0.75000  23.98114
 32.36666  -0.00000 -21.75375  -0.52000  -0.74000  11.75437
 33.41179  -0.00000 -20.97139  -0.48000  -0.72000  -2.34584
 34.44454  -0.00000 -20.10461  -0.44000  -0.70000 -18.53371
 35.32534  -0.00000 -19.26664  -0.40000  -0.69000 -43.49447
 36.31367  -0.00000 -18.22954  -0.36000  -0.67000 -64.67122
 36.96698  -0.00000 -17.45460  -0.33000  -0.66000 -85.60901
 37.88967  -0.00000 -16.26214  -0.29000  -0.64000 -111.59077
 38.76187  -0.00000 -14.97955  -0.25000  -0.62000 -140.41596
 39.44606  -0.00000 -13.74980  -0.21000  -0.61000 -178.85189
 40.18943  -0.00000 -12.30044  -0.17000  -0.59000 -213.39282
 40.63232  -0.00000 -11.23560  -0.14000  -0.58000 -244.32801
 41.23001  -0.00000  -9.65331  -0.10000  -0.56000 -283.39102
 41.73091  -0.00000  -8.00295  -0.06000  -0.54000 -324.70909
 42.00768  -0.00000  -6.46174  -0.02000  -0.53000 -373.75521
 42.29125  -0.00000  -5.06606   0.01000  -0.51000 -404.18533
 42.39190  -0.00000  -3.82044   0.04000  -0.50000 -440.74932
 42.49770  -0.00000  -2.01856   0.08000  -0.48000 -486.32423
 42.47873  -0.00000  -0.19891   0.12000  -0.46000 -531.95376
 42.22847   0.00000   1.42865   0.16000  -0.45000 -580.82762
 41.96110   0.00000   3.23602   0.20000  -0.43000 -624.19938
 41.62987   0.00000   4.47419   0.23000  -0.42000 -656.87209
 41.15111   0.00000   6.22934   0.27000  -0.40000 -696.37241
 40.55726   0.00000   7.93947   0.31000  -0.38000 -733.05965
 39.77066   0.00000   9.36902   0.35000  -0.37000 -767.11229
 38.97548   0.00000  10.95001   0.39000  -0.35000 -796.29767
 38.28169   0.00000  11.97063   0.42000  -0.34000 -815.30512
 37.34022   0.00000  13.41403   0.46000  -0.32000 -837.24658
 36.32811   0.00000  14.77297   0.50000  -0.30000 -855.05898
 35.19827   0.00000  15.79350   0.54000  -0.29000 -866.29120
 34.08540   0.00000  16.96875   0.58000  -0.27000 -875.55507
 33.20167   0.00000  17.66194   0.61000  -0.26000 -878.28196
 32.03294   0.00000  18.67810   0.65000  -0.24000 -880.96957
 30.84297   0.00000  19.60757   0.69000  -0.22000 -880.43573
 29.61573   0.00000  20.18085   0.73000  -0.21000 -872.39278
 28.41632   0.00000  20.94243   0.77000  -0.19000 -866.33042
 27.51130   0.00000  21.32483   0.80000  -0.18000 -857.82238
 26.32115   0.00000  21.95665   0.84000  -0.16000 -848.42597
 25.13964   0.00000  22.52244   0.88000  -0.14000 -837.71964
 23.98594   0.00000  22.73865   0.92000  -0.13000 -820.43131
 22.84098   0.00000  23.18426   0.96000  -0.11000 -808.25280
 22.00796   0.00000  23.33854   0.99000  -0.10000 -796.05109
 20.89608   0.00000  23.69608   1.03000  -0.08000 -783.78364
 19.80025   0.00000  24.00939   1.07000  -0.06000 -771.88016
 18.78128   0.00000  23.98593   1.11000  -0.05000 -754.86135
 17.72721   0.00000  24.21944   1.15000  -0.03000 -744.71687
 16.98422   0.00000  24.22297   1.18000  -0.02000 -735.04062
 15.95794   0.00000  24.39477   1.22000   0.00000 -727.40806
 15.03875   0.00000  24.23816   1.26000   0.01000 -715.96045
 14.14520   0.00000  24.04997   1.30000   0.02000 -706.80673
 13.16535   0.00000  24.12290   1.34000   0.04000 -706.55562
 22.98891  -0.00000 -25.47891  -0.90000  -0.90000  97.08623
 23.98268  -0.00000 -25.31122  -0.86000  -0.88000  92.07700
 24.98543  -0.00000 -25.09037  -0.82000  -0.86000  87.16147
 25.99819  -0.00000 -24.81399  -0.78000  -0.84000  82.09214
 27.02121  -0.00000 -24.47925  -0.74000  -0.82000  76.64188
 27.72662  -0.00000 -24.22879  -0.71000  -0.81000  69.64581
 28.76613  -0.00000 -23.78667  -0.67000  -0.79000  62.88715
 29.81273  -0.00000 -23.27685  -0.63000  -0.77000  55.13916
 30.86382  -0.00000 -22.69559  -0.59000  -0.75000  46.17549
 31.91599  -0.00000 -22.03909  -0.55000  -0.73000  35.76335
 32.63615  -0.00000 -21.54829  -0.52000  -0.72000  23.78561
 33.67986  -0.00000 -20.75434  -0.48000  -0.70000  10.14313
 34.71093  -0.00000 -19.87570  -0.44000  -0.68000  -5.60103
 35.72271  -0.00000 -18.90962  -0.40000  -0.66000 -23.67490
 36.70769  -0.00000 -17.85400  -0.36000  -0.64000 -44.28997
 37.35912  -0.00000 -17.06966  -0.33000  -0.63000 -65.09678
 38.27761  -0.00000 -15.85809  -0.29000  -0.61000 -90.66525
 39.14497  -0.00000 -14.55601  -0.25000  -0.59000 -119.17208
 39.95132  -0.00000 -13.16526  -0.21000  -0.57000 -150.66846
 40.68654  -0.00000 -11.68913  -0.17000  -0.55000 -185.13618
 41.12496  -0.00000 -10.61076  -0.14000  -0.54000 -216.61955
 41.71287  -0.00000  -9.00114  -0.10000  -0.52000 -255.98414
 42.20279  -0.00000  -7.32311  -0.06000  -0.50000 -297.81556
 42.58607  -0.00000  -5.58576  -0.02000  -0.48000 -341.77041
 42.85310  -0.00000  -4.15499   0.01000  -0.46000 -372.33778
 42.94483  -0.00000  -2.89175   0.04000  -0.45000 -410.72140
 43.03146  -0.00000  -1.05455   0.08000  -0.43000 -457.93454
 42.99147   0.00000   0.80043   0.12000  -0.41000 -505.45102
 42.82305   0.00000   2.65958   0.16000  -0.39000 -552.63024
 42.52633   0.00000   4.50905   0.20000  -0.37000 -598.81365
 42.17951   0.00000   5.76813   0.23000  -0.36000 -634.87992
 41.66769   0.00000   7.56476   0.27000  -0.34000 -677.52437
 41.03825   0.00000   9.31571   0.31000  -0.32000 -717.44832
 40.29825   0.00000  11.00959   0.35000  -0.30000 -754.13387
 39.45620   0.00000  12.63636   0.39000  -0.28000 -787.14748
 38.73781   0.00000  13.67936   0.42000  -0.27000 -810.46071
 37.74484   0.00000  15.16639   0.46000  -0.25000 -836.05676
 36.67813   0.00000  16.56723   0.50000  -0.23000 -857.32835
 35.54867   0.00000  17.87813   0.54000  -0.21000 -874.24217
 34.36732   0.00000  19.09704   0.58000  -0.19000 -886.86859
 33.44807   0.00000  19.81104   0.61000  -0.18000 -893.61927
 32.20582   0.00000  20.86656   0.65000  -0.16000 -899.02100
 30.93910   0.00000  21.83216   0.69000  -0.14000 -900.79668
 29.65625   0.00000  22.71065   0.73000  -0.12000 -899.29714
 28.36460   0.00000  23.50565   0.77000  -0.10000 -894.91041
 27.41228   0.00000  23.90307   0.80000  -0.09000 -889.27274
 26.12534   0.00000  24.56139   0.84000  -0.07000 -880.77304
 24.84435   0.00000  25.14869   0.88000  -0.05000 -870.55090
 23.57268   0.00000  25.66962   0.92000  -0.03000 -859.01499
 22.31282   0.00000  26.12870   0.96000  -0.01000 -846.55956
 21.42157   0.00000  26.28736   0.99000   0.00000 -835.95982
 20.28926   0.00000  26.35438   1.03000   0.01000 -820.80563
 19.08643   0.00000  26.66679   1.07000   0.03000 -807.87311
 17.89815   0.00000  26.93206   1.11000   0.05000 -795.39229
 16.72380   0.00000  27.15262   1.15000   0.07000 -783.69477
 15.92058   0.00000  27.14707   1.18000   0.08000 -774.72049
 14.77395   0.00000  27.29543   1.22000   0.10000 -765.32285
 13.63769   0.00000  27.40275   1.26000   0.12000 -757.73970
 12.51003   0.00000  27.46883   1.30000   0.14000 -752.46035
 11.38895   0.00000  27.49254   1.34000   0.16000 -750.11385
 22.98891  -0.00000 -25.47891  -0.90000  -0.90000  97.08623
 23.98268  -0.00000 -25.31122  -0.86000  -0.88000  92.07700
 24.98543  -0.00000 -25.09037  -0.82000  -0.86000  87.16147
 25.99819  -0.00000 -24.81399  -0.78000  -0.84000  82.09214
 27.02121  -0.00000 -24.47925  -0.74000  -0.82000  76.64188
 27.86320  -0.00000 -24.14653  -0.71000  -0.80000  74.71625
 28.90231  -0.00000 -23.69915  -0.67000  -0.78000  68.18984
 29.94846  -0.00000 -23.18393  -0.63000  -0.76000  60.68289
 30.99902  -0.00000 -22.59711  -0.59000  -0.74000  51.96701
 32.05057  -0.00000 -21.93493  -0.55000  -0.72000  41.80694
 32.90421  -0.00000 -21.33125  -0.52000  -0.70000  36.25371
 33.94624  -0.00000 -20.52543  -0.48000  -0.68000  23.11546
 34.97533  -0.00000 -19.63464  -0.44000  -0.66000   7.86532
 35.98479  -0.00000 -18.65615  -0.40000  -0.64000  -9.73340
 36.96708  -0.00000 -17.58785  -0.36000  -0.62000 -29.90186
 37.74472  -0.00000 -16.65590  -0.33000  -0.60000 -43.04713
 38.65802  -0.00000 -15.42468  -0.29000  -0.58000 -68.05844
 39.51946  -0.00000 -14.10260  -0.25000  -0.56000 -96.09553
 40.31911  -0.00000 -12.69156  -0.21000  -0.54000 -127.22633
 41.04678  -0.00000 -11.19485  -0.17000  -0.52000 -161.44877
 41.59684  -0.00000  -9.93092  -0.14000  -0.50000 -184.90212
 42.17252  -0.00000  -8.29337  -0.10000  -0.48000 -224.26588
 42.64888  -0.00000  -6.58723  -0.06000  -0.46000 -266.30403
 43.01718  -0.00000  -4.82163  -0.02000  -0.44000 -310.68322
 43.26778  -0.00000  -3.36257   0.01000  -0.42000 -341.03916
 43.44634  -0.00000  -1.87476   0.04000  -0.40000 -372.28511
 43.50902  -0.00000  -0.00241   0.08000  -0.38000 -420.67066
 43.44306   0.00000   1.88745   0.12000  -0.36000 -469.62295
 43.24657   0.00000   3.78105   0.16000  -0.34000 -518.48221
 42.91964   0.00000   5.66441   0.20000  -0.32000 -566.56365
 42.62229   0.00000   7.18438   0.23000  -0.30000 -598.01354
 42.06964   0.00000   9.01999   0.27000  -0.28000 -643.29489
 41.39671   0.00000  10.80871   0.31000  -0.26000 -685.99585
 40.61058   0.00000  12.53892   0.35000  -0.24000 -725.54615
 39.71975   0.00000  14.20038   0.39000  -0.22000 -761.45831
 39.00022   0.00000  15.53266   0.42000  -0.20000 -782.97929
 37.94508   0.00000  17.05613   0.46000  -0.18000 -811.87698
 36.81331   0.00000  18.49077   0.50000  -0.16000 -836.32543
 35.61598   0.00000  19.83257   0.54000  -0.14000 -856.24044
 34.36411   0.00000  21.07922   0.58000  -0.12000 -871.64859
 33.38163   0.00000  22.09699   0.61000  -0.10000 -878.37566
 32.05395   0.00000  23.17718   0.65000  -0.08000 -886.42687
 30.69932   0.00000  24.16307   0.69000  -0.06000 -890.51329
 29.32636   0.00000  25.05725   0.73000  -0.04000 -890.97208
 27.94267   0.00000  25.86309   0.77000  -0.02000 -888.18674
 26.85849   0.00000  26.55958   0.80000   0.00000 -882.75406
 25.56246   0.00000  26.92557   0.84000   0.01000 -878.01787
 24.18604   0.00000  27.51075   0.88000   0.03000 -868.43325
 22.81823   0.00000  28.02413   0.92000   0.05000 -857.22218
 21.46189   0.00000  28.47008   0.96000   0.07000 -844.80306
 20.38295   0.00000  28.90508   0.99000   0.09000 -833.79107
 19.04528   0.00000  29.24068   1.03000   0.11000 -820.21109
 17.72316   0.00000  29.51907   1.07000   0.13000 -806.48279
 16.41695   0.00000  29.74329   1.11000   0.15000 -792.97428
 15.12655   0.00000  29.91585   1.15000   0.17000 -780.05104
 14.07022   0.00000  30.14047   1.18000   0.19000 -769.56576
 12.80100   0.00000  30.22306   1.22000   0.21000 -758.52794
 11.54573   0.00000  30.25747   1.26000   0.23000 -749.17548
 10.30316   0.00000  30.24377   1.30000   0.25000 -742.02305
  9.07176   0.00000  30.18117   1.34000   0.27000 -737.72055
 22.98891  -0.00000 -25.47891  -0.90000  -0.90000  97.08623
 24.12054  -0.00000 -25.24637  -0.86000  -0.87000  96.40501
 25.12291  -0.00000 -25.02071  -0.82000  -0.85000  91.67819
 26.13531  -0.00000 -24.73939  -0.78000  -0.83000  86.81169
 27.15798  -0.00000 -24.39958  -0.74000  -0.81000  81.57738
 27.99959  -0.00000 -24.06166  -0.71000  -0.79000  79.85717
 29.17401  -0.00000 -23.51602  -0.67000  -0.76000  79.03143
 30.21914  -0.00000 -22.98977  -0.63000  -0.74000  72.03164
 31.26850  -0.00000 -22.39165  -0.59000  -0.72000  63.83916
 32.31864  -0.00000 -21.71788  -0.55000  -0.70000  54.21382
 33.17060  -0.00000 -21.10233  -0.52000  -0.68000  49.18308
 34.34200  -0.00000 -20.15921  -0.48000  -0.65000  43.53563
 35.36747  -0.00000 -19.24970  -0.44000  -0.63000  29.12386
 36.37273  -0.00000 -18.25209  -0.40000  -0.61000  12.34272
 37.35017  -0.00000 -17.16431  -0.36000  -0.59000  -7.04340
 38.12227  -0.00000 -16.21253  -0.33000  -0.57000 -19.35378
 39.15066  -0.00000 -14.79984  -0.29000  -0.54000 -35.10784
 40.00232  -0.00000 -13.45042  -0.25000  -0.52000 -62.27085
 40.79099  -0.00000 -12.01172  -0.21000  -0.50000 -92.65488
 41.50643  -0.00000 -10.48709  -0.17000  -0.48000 -126.28078
 42.04293  -0.00000  -9.19504  -0.14000  -0.46000 -148.83870
 42.70628  -0.00000  -7.32937  -0.10000  -0.43000 -178.01522
 43.16162  -0.00000  -5.58788  -0.06000  -0.41000 -219.84673
 43.50697  -0.00000  -3.78703  -0.02000  -0.39000 -264.28817
 43.73261  -0.00000  -2.29295   0.01000  -0.37000 -293.96405
 43.88416  -0.00000  -0.77045   0.04000  -0.35000 -324.60303
 43.99001   0.00000   1.37384   0.08000  -0.32000 -363.01361
 43.88584   0.00000   3.30370   0.12000  -0.30000 -413.03196
 43.64851   0.00000   5.23629   0.16000  -0.28000 -463.27828
 43.27811   0.00000   7.15741   0.20000  -0.26000 -513.04336
 42.93462   0.00000   8.71372   0.23000  -0.24000 -544.48918
 42.36201   0.00000  10.85416   0.27000  -0.21000 -581.49840
 41.62840   0.00000  12.68054   0.31000  -0.19000 -626.79368
 40.77864   0.00000  14.44591   0.35000  -0.17000 -669.11770
 39.82134   0.00000  16.13974   0.39000  -0.15000 -707.92438
 39.03259   0.00000  17.50137   0.42000  -0.13000 -729.74640
 37.87865   0.00000  19.34208   0.46000  -0.10000 -752.15125
 36.66144   0.00000  20.80138   0.50000  -0.08000 -779.90037
 35.37621   0.00000  22.16349   0.54000  -0.06000 -803.02715
 34.03422   0.00000  23.42582   0.58000  -0.04000 -821.50445
 32.95971   0.00000  24.45443   0.61000  -0.02000 -828.15006
 31.53838   0.00000  25.54041   0.65000   0.00000 -838.92554
 30.08885   0.00000  26.52687   0.69000   0.02000 -845.49508
 28.62006   0.00000  27.41622   0.73000   0.04000 -848.17374
 27.14000   0.00000  28.21173   0.77000   0.06000 -847.33157
 25.95931   0.00000  28.89231   0.80000   0.08000 -841.01314
 24.31848   0.00000  29.81186   0.84000   0.11000 -827.71095
 22.82278   0.00000  30.36303   0.88000   0.13000 -819.65616
 21.33704   0.00000  30.83536   0.92000   0.15000 -809.64866
 19.86464   0.00000  31.23332   0.96000   0.17000 -798.12458
 18.67203   0.00000  31.61348   0.99000   0.19000 -785.17457
 17.01234   0.00000  32.13273   1.03000   0.22000 -764.71288
 15.57320   0.00000  32.33474   1.07000   0.24000 -751.31160
 14.15432   0.00000  32.47588   1.11000   0.26000 -737.88213
 12.75607   0.00000  32.55899   1.15000   0.28000 -724.81033
 11.59716   0.00000  32.68818   1.18000   0.30000 -711.79342
  9.97363   0.00000  32.86248   1.22000   0.33000 -692.72154
  8.62106   0.00000  32.78000   1.26000   0.35000 -682.75556
  7.28822   0.00000  32.64453   1.30000   0.37000 -674.76282
  5.97387   0.00000  32.45584   1.34000   0.39000 -669.37302
 22.98891  -0.00000 -25.47891  -0.90000  -0.90000  97.08623
 24.12054  -0.00000 -25.24637  -0.86000  -0.87000  96.40501
 25.12291  -0.00000 -25.02071  -0.82000  -0.85000  91.67819
 26.27226  -0.00000 -24.66227  -0.78000  -0.82000  91.59194
 27.29456  -0.00000 -24.31733  -0.74000  -0.80000  86.57953
 28.13578  -0.00000 -23.97414  -0.71000  -0.78000  85.07096
 29.30949  -0.00000 -23.42033  -0.67000  -0.75000  84.57515
 30.35405  -0.00000 -22.88847  -0.63000  -0.73000  77.84167
 31.53657  -0.00000 -22.17461  -0.59000  -0.70000  76.11395
 32.58502  -0.00000 -21.48897  -0.55000  -0.68000  67.06496
 33.43500  -0.00000 -20.86128  -0.52000  -0.66000  62.59580
 34.60279  -0.00000 -19.89943  -0.48000  -0.63000  57.82313
 35.62536  -0.00000 -18.97712  -0.44000  -0.61000  44.03695
 36.75314  -0.00000 -17.81868  -0.40000  -0.58000  35.88997
 37.72467  -0.00000 -16.71091  -0.36000  -0.56000  17.42550
 38.49006  -0.00000 -15.73882  -0.33000  -0.54000   6.07472
 39.50678  -0.00000 -14.29518  -0.29000  -0.51000  -8.16662
 40.34951  -0.00000 -12.92486  -0.25000  -0.49000 -34.48050
 41.23708  -0.00000 -11.27583  -0.21000  -0.46000 -54.06670
 41.93755  -0.00000  -9.72295  -0.17000  -0.44000 -86.77339
 42.45761  -0.00000  -8.40262  -0.14000  -0.42000 -108.15706
 43.09343  -0.00000  -6.49465  -0.10000  -0.39000 -135.39270
 43.52839  -0.00000  -4.72518  -0.06000  -0.37000 -176.66612
 43.93049  -0.00000  -2.66556  -0.02000  -0.34000 -208.96059
 44.12593  -0.00000  -1.13759   0.01000  -0.32000 -237.49423
 44.24510   0.00000   0.41806   0.04000  -0.30000 -267.06666
 44.29825   0.00000   2.61037   0.08000  -0.27000 -303.46947
 44.15618   0.00000   4.57085   0.12000  -0.25000 -353.79711
 43.91207   0.00000   6.80030   0.16000  -0.22000 -391.50848
 43.49029   0.00000   8.75424   0.20000  -0.20000 -442.27462
 43.09288   0.00000  10.34127   0.23000  -0.18000 -473.17427
 42.43478   0.00000  12.52338   0.27000  -0.15000 -508.55341
 41.64126   0.00000  14.37426   0.31000  -0.13000 -555.50532
 40.70241   0.00000  16.45242   0.35000  -0.10000 -586.24198
 39.66975   0.00000  18.16694   0.39000  -0.08000 -627.43176
 38.80354   0.00000  19.54538   0.42000  -0.06000 -649.19273
 37.52998   0.00000  21.40356   0.46000  -0.03000 -670.26334
 36.23111   0.00000  22.86908   0.50000  -0.01000 -700.68774
 34.86303   0.00000  24.23285   0.54000   0.01000 -726.53000
 33.43731   0.00000  25.49218   0.58000   0.03000 -747.71250
 32.27851   0.00000  26.51297   0.61000   0.05000 -754.38670
 30.63920   0.00000  27.87314   0.65000   0.08000 -755.40918
 29.09341   0.00000  28.83803   0.69000   0.10000 -764.85497
 27.36619   0.00000  29.97588   0.73000   0.13000 -758.16065
 25.78028   0.00000  30.73286   0.77000   0.15000 -760.23254
 24.49554   0.00000  31.36867   0.80000   0.17000 -753.67469
 22.70302   0.00000  32.20964   0.84000   0.20000 -738.57383
 21.10977   0.00000  32.70106   0.88000   0.22000 -733.01756
 19.30437   0.00000  33.34025   0.92000   0.25000 -713.74152
 17.73270   0.00000  33.65824   0.96000   0.27000 -704.58212
 16.44552   0.00000  33.95289   0.99000   0.29000 -691.17306
 14.65363   0.00000  34.33433   1.03000   0.32000 -668.85118
 13.13328   0.00000  34.43872   1.07000   0.34000 -657.42131
 11.36935   0.00000  34.64895   1.11000   0.37000 -634.73664
  9.89672   0.00000  34.61544   1.15000   0.39000 -623.42430
  8.67043   0.00000  34.62472   1.18000   0.41000 -609.85890
  6.95923   0.00000  34.61421   1.22000   0.44000 -589.06218
  5.55729   0.00000  34.40601   1.26000   0.46000 -580.37654
  3.89172   0.00000  34.24476   1.30000   0.49000 -562.80709
  2.54138   0.00000  33.91660   1.34000   0.51000 -558.13926
 22.98891  -0.00000 -25.47891  -0.90000  -0.90000  97.08623
 24.12054  -0.00000 -25.24637  -0.86000  -0.87000  96.40501
 25.26021  -0.00000 -24.94859  -0.82000  -0.84000  96.25055
 26.27226  -0.00000 -24.66227  -0.78000  -0.82000  91.59194
 27.43095  -0.00000 -24.23246  -0.74000  -0.79000  91.65058
 28.27175  -0.00000 -23.88394  -0.71000  -0.77000  90.35986
 29.44470  -0.00000 -23.32186  -0.67000  -0.74000  90.20380
 30.62285  -0.00000 -22.67725  -0.63000  -0.71000  89.74451
 31.66999  -0.00000 -22.06165  -0.59000  -0.69000  82.40824
 32.84943  -0.00000 -21.24791  -0.55000  -0.66000  80.37986
 33.69709  -0.00000 -20.60780  -0.52000  -0.64000  76.51147
 34.86067  -0.00000 -19.62685  -0.48000  -0.61000  72.67276
 36.00577  -0.00000 -18.54370  -0.44000  -0.58000  67.56852
 37.00177  -0.00000 -17.51305  -0.40000  -0.56000  52.44059
 38.08879  -0.00000 -16.22694  -0.36000  -0.53000  43.57880
 38.84618  -0.00000 -15.23417  -0.33000  -0.51000  33.31255
 39.84915  -0.00000 -13.75911  -0.29000  -0.48000  20.76620
 40.78829  -0.00000 -12.17486  -0.25000  -0.45000   5.94687
 41.55136  -0.00000 -10.68682  -0.21000  -0.43000 -22.37768
 42.33426  -0.00000  -8.90230  -0.17000  -0.40000 -42.73505
 42.83477  -0.00000  -7.55388  -0.14000  -0.38000 -62.66871
 43.43817  -0.00000  -5.60428  -0.10000  -0.35000 -87.57826
 43.92171  -0.00000  -3.56983  -0.06000  -0.32000 -114.87363
 44.21265  -0.00000  -1.70815  -0.02000  -0.30000 -158.02658
 44.43417   0.00000   0.09895   0.01000  -0.27000 -171.30881
 44.51544   0.00000   1.68521   0.04000  -0.25000 -199.38009
 44.50762   0.00000   3.92089   0.08000  -0.22000 -233.20989
 44.34172   0.00000   6.18332   0.12000  -0.19000 -267.87891
 44.00912   0.00000   8.17478   0.16000  -0.17000 -318.78288
 43.53339   0.00000  10.43605   0.20000  -0.14000 -353.93758
 43.07496   0.00000  12.04618   0.23000  -0.12000 -383.83913
 42.32142   0.00000  14.25729   0.27000  -0.09000 -417.08756
 41.41222   0.00000  16.41827   0.31000  -0.06000 -448.36771
 40.42103   0.00000  18.21799   0.35000  -0.04000 -494.25722
 39.23942   0.00000  20.23464   0.39000  -0.01000 -520.26500
 38.38162   0.00000  21.31968   0.42000   0.00000 -558.72118
 37.00036   0.00000  23.17400   0.46000   0.03000 -578.67157
 35.50767   0.00000  24.92189   0.50000   0.06000 -594.62054
 34.05510   0.00000  26.27051   0.54000   0.08000 -623.20733
 32.39397   0.00000  27.79043   0.58000   0.11000 -630.89136
 31.14008   0.00000  28.78118   0.61000   0.13000 -638.06414
 29.36068   0.00000  30.08578   0.65000   0.16000 -638.60552
 27.52786   0.00000  31.26350   0.69000   0.19000 -635.34492
 25.86441   0.00000  32.06878   0.73000   0.21000 -644.65358
 23.97309   0.00000  33.00551   0.77000   0.24000 -634.60220
 22.59792   0.00000  33.57057   0.80000   0.26000 -629.10794
 20.67766   0.00000  34.29603   0.84000   0.29000 -614.40171
 18.75106   0.00000  34.90266   0.88000   0.32000 -597.64364
 17.08992   0.00000  35.21199   0.92000   0.34000 -594.03836
 15.18205   0.00000  35.60829   0.96000   0.37000 -574.20723
 13.82879   0.00000  35.79603   0.99000   0.39000 -562.32659
 11.94982   0.00000  36.01187   1.03000   0.42000 -541.28219
 10.09328   0.00000  36.12779   1.07000   0.45000 -520.11273
  8.55334   0.00000  36.04078   1.11000   0.47000 -512.32974
  6.75611   0.00000  35.98652   1.15000   0.50000 -491.64347
  5.50224   0.00000  35.86767   1.18000   0.52000 -479.83008
  3.76294   0.00000  35.66557   1.22000   0.55000 -460.83651
  2.05947   0.00000  35.38096   1.26000   0.58000 -443.30409
  0.68244   0.00000  34.98246   1.30000   0.60000 -439.18950
 -0.94895   0.00000  34.55576   1.34000   0.63000 -425.42335
 22.98891  -0.00000 -25.47891  -0.90000  -0.90000  97.08623
 24.12054  -0.00000 -25.24637  -0.86000  -0.87000  96.40501
 25.26021  -0.00000 -24.94859  -0.82000  -0.84000  96.25055
 26.40903  -0.00000 -24.58261  -0.78000  -0.81000  96.43507
 27.56714  -0.00000 -24.14494  -0.74000  -0.78000  96.79267
 28.40748  -0.00000 -23.79101  -0.71000  -0.76000  95.72599
 29.57960  -0.00000 -23.22056  -0.67000  -0.73000  95.91944
 30.75669  -0.00000 -22.56726  -0.63000  -0.70000  95.84149
 31.93543  -0.00000 -21.82670  -0.59000  -0.67000  95.32114
 33.11151  -0.00000 -20.99444  -0.55000  -0.64000  94.17556
 33.95647  -0.00000 -20.34166  -0.52000  -0.62000  90.94710
 35.11521  -0.00000 -19.34121  -0.48000  -0.59000  88.10099
 36.25439  -0.00000 -18.23808  -0.44000  -0.56000  84.05495
 37.36589  -0.00000 -17.02909  -0.40000  -0.53000  78.58653
 38.44057  -0.00000 -15.71186  -0.36000  -0.50000  71.47190
 39.18855  -0.00000 -14.69809  -0.33000  -0.48000  62.41381
 40.17547  -0.00000 -13.19131  -0.29000  -0.45000  51.73961
 41.09613  -0.00000 -11.57525  -0.25000  -0.42000  38.85822
 41.93850  -0.00000  -9.85210  -0.21000  -0.39000  23.62182
 42.69024  -0.00000  -8.02573  -0.17000  -0.36000   5.92972
 43.16787  -0.00000  -6.64983  -0.14000  -0.34000 -12.28939
 43.73373  -0.00000  -4.65997  -0.10000  -0.31000 -34.51621
 44.17577  -0.00000  -2.58679  -0.06000  -0.28000 -59.13950
 44.48300  -0.00000  -0.44100  -0.02000  -0.25000 -85.98897
 44.64354   0.00000   1.40947   0.01000  -0.22000 -95.45623
 44.68146   0.00000   3.02268   0.04000  -0.20000 -121.64171
 44.60468   0.00000   5.29537   0.08000  -0.17000 -152.43856
 44.36530   0.00000   7.59013   0.12000  -0.14000 -184.23737
 43.95989   0.00000   9.89013   0.16000  -0.11000 -216.53242
 43.38726   0.00000  12.17803   0.20000  -0.08000 -248.77546
 42.86199   0.00000  13.80173   0.23000  -0.06000 -277.36220
 42.00534   0.00000  16.02648   0.27000  -0.03000 -308.23796
 40.99029   0.00000  18.19257   0.31000   0.00000 -337.48362
 39.92747   0.00000  19.99073   0.35000   0.02000 -384.43721
 38.63745   0.00000  21.99735   0.39000   0.05000 -409.10018
 37.61592   0.00000  23.36553   0.42000   0.07000 -430.56456
 36.10828   0.00000  25.19155   0.46000   0.10000 -449.63453
 34.49071   0.00000  26.90000   0.50000   0.13000 -465.12489
 32.77659   0.00000  28.48315   0.54000   0.16000 -476.90237
 30.97967   0.00000  29.93520   0.58000   0.19000 -484.93481
 29.63831   0.00000  30.87409   0.61000   0.21000 -493.41932
 27.73326   0.00000  32.09147   0.65000   0.24000 -495.04357
 25.78251   0.00000  33.17137   0.69000   0.27000 -493.29015
 23.79875   0.00000  34.11433   0.73000   0.30000 -488.43741
 21.79390   0.00000  34.92217   0.77000   0.33000 -480.81490
 20.34954   0.00000  35.39650   0.80000   0.35000 -477.94924
 18.33580   0.00000  35.97971   0.84000   0.38000 -466.25168
 16.32861   0.00000  36.43803   0.88000   0.41000 -452.82412
 14.33626   0.00000  36.77639   0.92000   0.44000 -438.06111
 12.36605   0.00000  37.00012   0.96000   0.47000 -422.34660
 10.97953   0.00000  37.07165   0.99000   0.49000 -413.97199
  9.06299   0.00000  37.11264   1.03000   0.52000 -397.31564
  7.18333   0.00000  37.05448   1.07000   0.55000 -380.65763
  5.34435   0.00000  36.90276   1.11000   0.58000 -364.29900
  3.54905   0.00000  36.66283   1.15000   0.61000 -348.51763
  2.30416   0.00000  36.42292   1.18000   0.63000 -340.36058
  0.58909   0.00000  36.04425   1.22000   0.66000 -326.07553
 -1.07822   0.00000  35.58998   1.26000   0.69000 -313.06902
 -2.69750   0.00000  35.06369   1.30000   0.72000 -301.60446
 -4.26918   0.00000  34.46810   1.34000   0.75000 -291.98580
 22.98891  -0.00000 -25.47891  -0.90000  -0.90000  97.08623
 24.12054  -0.00000 -25.24637  -0.86000  -0.87000  96.40501
 25.26021  -0.00000 -24.94859  -0.82000  -0.84000  96.25055
 26.40903  -0.00000 -24.58261  -0.78000  -0.81000  96.43507
 27.56714  -0.00000 -24.14494  -0.74000  -0.78000  96.79267
 28.54296  -0.00000 -23.69533  -0.71000  -0.75000 101.17132
 29.71418  -0.00000 -23.11640  -0.67000  -0.72000 101.72399
 30.89011  -0.00000 -22.45431  -0.63000  -0.69000 102.03804
 32.06736  -0.00000 -21.70464  -0.59000  -0.66000 101.94351
 33.24157  -0.00000 -20.86297  -0.55000  -0.63000 101.25833
 34.21274  -0.00000 -20.06258  -0.52000  -0.60000 105.91695
 35.36594  -0.00000 -19.04231  -0.48000  -0.57000 104.12121
 36.49841  -0.00000 -17.91887  -0.44000  -0.54000 101.19518
 37.60191  -0.00000 -16.68919  -0.40000  -0.51000  96.91437
 38.66717  -0.00000 -15.35096  -0.36000  -0.48000  91.05161
 39.51487  -0.00000 -14.13030  -0.33000  -0.45000  93.40926
 40.48331  -0.00000 -12.59170  -0.29000  -0.42000  84.77609
 41.38287  -0.00000 -10.94393  -0.25000  -0.39000  74.00677
 42.20140  -0.00000  -9.18946  -0.21000  -0.36000  60.93945
 42.92644  -0.00000  -7.33244  -0.17000  -0.33000  45.45703
 43.45003  -0.00000  -5.69242  -0.14000  -0.30000  42.94007
 43.97307  -0.00000  -3.66444  -0.10000  -0.27000  23.70949
 44.36831  -0.00000  -1.55528  -0.06000  -0.24000   2.06071
 44.62480   0.00000   0.62384  -0.02000  -0.21000 -21.86761
 44.73079   0.00000   2.50451   0.01000  -0.18000 -28.12528
 44.73002   0.00000   4.41927   0.04000  -0.15000 -34.41343
 44.57695   0.00000   6.72085   0.08000  -0.12000 -61.85782
 44.25741   0.00000   9.03883   0.12000  -0.09000 -90.52889
 43.76842   0.00000  11.35581   0.16000  -0.06000 -119.96194
 43.10940   0.00000  13.65394   0.20000  -0.03000 -149.64696
 42.44006   0.00000  15.57603   0.23000   0.00000 -155.84312
 41.57907   0.00000  17.50331   0.27000   0.02000 -205.93845
 40.47356   0.00000  19.65974   0.31000   0.05000 -233.61462
 39.21684   0.00000  21.73396   0.35000   0.08000 -259.53942
 37.81895   0.00000  23.71154   0.39000   0.11000 -283.25942
 36.55789   0.00000  25.32804   0.42000   0.14000 -282.78918
 34.92932   0.00000  27.09997   0.46000   0.17000 -301.81405
 33.19518   0.00000  28.74376   0.50000   0.20000 -317.83949
 31.37001   0.00000  30.25217   0.54000   0.23000 -330.71678
 29.46864   0.00000  31.62006   0.58000   0.26000 -340.39003
 27.81920   0.00000  32.71133   0.61000   0.29000 -329.69396
 25.81150   0.00000  33.81543   0.65000   0.32000 -334.24211
 23.76846   0.00000  34.77429   0.69000   0.35000 -335.91527
 21.70344   0.00000  35.58970   0.73000   0.38000 -334.93750
 19.62888   0.00000  36.26484   0.77000   0.41000 -331.58016
 17.85977   0.00000  36.77902   0.80000   0.44000 -313.86595
 15.79218   0.00000  37.20639   0.84000   0.47000 -307.62331
 13.74455   0.00000  37.50740   0.88000   0.50000 -299.89384
 11.72498   0.00000  37.68845   0.92000   0.53000 -291.00136
  9.74034   0.00000  37.75626   0.96000   0.56000 -281.26051
  8.06027   0.00000  37.76997   0.99000   0.59000 -262.43348
  6.15193   0.00000  37.64421   1.03000   0.62000 -252.47037
  4.29249   0.00000  37.42448   1.07000   0.65000 -242.41705
  2.48475   0.00000  37.11733   1.11000   0.68000 -232.50929
  0.73064   0.00000  36.72896   1.15000   0.71000 -222.96315
 -0.75005   0.00000  36.36683   1.18000   0.74000 -207.56851
 -2.40312   0.00000  35.84066   1.22000   0.77000 -199.58117
 -4.00105   0.00000  35.24807   1.26000   0.80000 -192.45601
 -5.54481   0.00000  34.59280   1.30000   0.83000 -186.39099
 -7.03600   0.00000  33.87765   1.34000   0.86000 -181.61569
 22.98891  -0.00000 -25.47891  -0.90000  -0.90000  97.08623
 24.25821  -0.00000 -25.17914  -0.86000  -0.86000 100.78453
 25.39733  -0.00000 -24.87399  -0.82000  -0.83000 100.88065
 26.54562  -0.00000 -24.50035  -0.78000  -0.80000 101.34312
 27.70311  -0.00000 -24.05473  -0.74000  -0.77000 102.00777
 28.67816  -0.00000 -23.59685  -0.71000  -0.74000 106.69770
 29.98225  -0.00000 -22.89935  -0.67000  -0.70000 113.60687
 31.15555  -0.00000 -22.21936  -0.63000  -0.67000 114.73663
 32.32945  -0.00000 -21.45116  -0.59000  -0.64000 115.52832
 33.49945  -0.00000 -20.59039  -0.55000  -0.61000 115.80144
 34.46544  -0.00000 -19.77034  -0.52000  -0.58000 121.43232
 35.73373  -0.00000 -18.56860  -0.48000  -0.54000 129.28254
 36.85454  -0.00000 -17.41421  -0.44000  -0.51000 128.14887
 37.94427  -0.00000 -16.15311  -0.40000  -0.48000 125.76828
 38.99350  -0.00000 -14.78317  -0.36000  -0.45000 121.90791
 39.82271  -0.00000 -13.53068  -0.33000  -0.42000 126.30300
 40.86048  -0.00000 -11.74296  -0.29000  -0.38000 132.01575
 41.72762  -0.00000 -10.05357  -0.25000  -0.35000 124.30844
 42.50991  -0.00000  -8.25843  -0.21000  -0.32000 114.38025
 43.19478  -0.00000  -6.36211  -0.17000  -0.29000 102.08851
 43.67422  -0.00000  -4.68464  -0.14000  -0.26000 102.83436
 44.18245  -0.00000  -2.35392  -0.10000  -0.22000 103.36617
 44.51186  -0.00000  -0.20500  -0.06000  -0.19000  85.76148
 44.69786   0.00000   2.00965  -0.02000  -0.16000  65.77710
 44.72895   0.00000   3.92096   0.01000  -0.13000  63.57245
 44.64925   0.00000   5.86090   0.04000  -0.10000  61.23397
 44.36398   0.00000   8.47639   0.08000  -0.06000  58.00690
 43.94132   0.00000  10.80802   0.12000  -0.03000  33.18577
 43.34650   0.00000  13.13010   0.16000   0.00000   7.18719
 42.68314   0.00000  15.13076   0.20000   0.02000 -41.91578
 41.92333   0.00000  17.04320   0.23000   0.05000 -45.43739
 40.72901   0.00000  19.53153   0.27000   0.09000 -49.14667
 39.49798   0.00000  21.65223   0.31000   0.12000 -75.12936
 38.11809   0.00000  23.67964   0.35000   0.15000 -100.05339
 36.60059   0.00000  25.59957   0.39000   0.18000 -123.47626
 35.22468   0.00000  27.14797   0.42000   0.21000 -122.25025
 33.26167   0.00000  29.07419   0.46000   0.25000 -119.05499
 31.41244   0.00000  30.61684   0.50000   0.28000 -137.14957
 29.48136   0.00000  32.01481   0.54000   0.31000 -152.83108
 27.48416   0.00000  33.26411   0.58000   0.34000 -165.98956
 25.74971   0.00000  34.22986   0.61000   0.37000 -158.07032
 23.38905   0.00000  35.35079   0.65000   0.41000 -146.54358
 21.27869   0.00000  36.15681   0.69000   0.44000 -154.11087
 19.15981   0.00000  36.81639   0.73000   0.47000 -159.47317
 17.04482   0.00000  37.33421   0.77000   0.50000 -162.80762
 15.24849   0.00000  37.69108   0.80000   0.53000 -150.87404
 12.87458   0.00000  38.01819   0.84000   0.57000 -135.19047
 10.82663   0.00000  38.14963   0.88000   0.60000 -135.60189
  8.81937   0.00000  38.16554   0.92000   0.63000 -134.84473
  6.85874   0.00000  38.07372   0.96000   0.66000 -133.14908
  5.21335   0.00000  37.93426   0.99000   0.69000 -121.41382
  3.07892   0.00000  37.63926   1.03000   0.73000 -106.83679
  1.27873   0.00000  37.26905   1.07000   0.76000 -104.97321
 -0.46195   0.00000  36.82049   1.11000   0.79000 -102.86662
 -2.14246   0.00000  36.30002   1.15000   0.82000 -100.68389
 -3.54418   0.00000  35.81519   1.18000   0.85000 -91.86114
 -5.34472   0.00000  35.09666   1.22000   0.89000 -81.41395
 -6.84818   0.00000  34.39201   1.26000   0.92000 -80.70798
 -8.29532   0.00000  33.63428   1.30000   0.95000 -80.41764
 -9.68873   0.00000  32.82582   1.34000   0.98000 -80.72557
 22.98891  -0.00000 -25.47891  -0.90000  -0.90000  97.08623
 24.25821  -0.00000 -25.17914  -0.86000  -0.86000 100.78453
 25.39733  -0.00000 -24.87399  -0.82000  -0.83000 100.88065
 26.68201  -0.00000 -24.41548  -0.78000  -0.79000 106.31799
 27.83884  -0.00000 -23.96181  -0.74000  -0.76000 107.29773
 28.81307  -0.00000 -23.49555  -0.71000  -0.73000 112.30685
 30.11567  -0.00000 -22.78640  -0.67000  -0.69000 119.68835
 31.28748  -0.00000 -22.09729  -0.63000  -0.66000 121.24167
 32.58883  -0.00000 -21.18502  -0.59000  -0.62000 129.57562
 33.75399  -0.00000 -20.30475  -0.55000  -0.59000 130.85621
 34.71406  -0.00000 -19.46471  -0.52000  -0.56000 137.50126
 35.97256  -0.00000 -18.23563  -0.48000  -0.52000 146.81873
 37.08444  -0.00000 -17.06034  -0.44000  -0.49000 146.95173
 38.27060  -0.00000 -15.58532  -0.40000  -0.45000 156.25682
 39.30134  -0.00000 -14.18355  -0.36000  -0.42000 154.53850
 40.10945  -0.00000 -12.89937  -0.33000  -0.39000 161.06895
 41.11480  -0.00000 -11.07001  -0.29000  -0.35000 169.77676
 41.95428  -0.00000  -9.35026  -0.25000  -0.32000 164.52597
 42.76397  -0.00000  -7.27539  -0.21000  -0.28000 171.83124
 43.40336  -0.00000  -5.34233  -0.17000  -0.25000 162.95591
 43.83337  -0.00000  -3.63058  -0.14000  -0.22000 167.04747
 44.26969  -0.00000  -1.25888  -0.10000  -0.18000 172.05457
 44.54091   0.00000   0.91660  -0.06000  -0.15000 157.84996
 44.64382   0.00000   3.44352  -0.02000  -0.11000 160.62566
 44.59354   0.00000   5.37603   0.01000  -0.08000 162.32879
 44.42927   0.00000   7.33075   0.04000  -0.05000 163.70998
 44.02729   0.00000   9.95516   0.08000  -0.01000 165.06393
 43.61235   0.00000  11.99041   0.12000   0.01000 120.90908
 42.82976   0.00000  14.59728   0.16000   0.05000 119.98303
 41.97251   0.00000  16.87399   0.20000   0.08000  95.46099
 41.10483   0.00000  18.75739   0.23000   0.11000  94.31853
 39.76970   0.00000  21.19222   0.27000   0.15000  92.93204
 38.43670   0.00000  23.26196   0.31000   0.18000  67.71471
 36.74785   0.00000  25.47465   0.35000   0.22000  66.86239
 35.12359   0.00000  27.31348   0.39000   0.25000  42.68684
 33.64819   0.00000  28.77190   0.42000   0.28000  42.93457
 31.56538   0.00000  30.56591   0.46000   0.32000  43.75041
 29.63693   0.00000  32.00153   0.50000   0.35000  22.60886
 27.36151   0.00000  33.44646   0.54000   0.39000  25.07914
 25.29852   0.00000  34.56162   0.58000   0.42000   6.98153
 23.51020   0.00000  35.38991   0.61000   0.45000  10.03561
 21.09634   0.00000  36.32470   0.65000   0.49000  14.30557
 18.95988   0.00000  36.99070   0.69000   0.52000   0.29702
 16.53411   0.00000  37.57252   0.73000   0.56000   5.70638
 14.41691   0.00000  37.93707   0.77000   0.59000  -5.40663
 12.62990   0.00000  38.14448   0.80000   0.62000  -0.81514
 10.28487   0.00000  38.27998   0.84000   0.66000   4.95580
  8.26972   0.00000  38.27455   0.88000   0.69000  -3.26133
  6.03337   0.00000  38.13690   0.92000   0.73000   2.54294
  4.12799   0.00000  37.90960   0.96000   0.76000  -3.94435
  2.54474   0.00000  37.64296   0.99000   0.79000   0.22847
  0.50195   0.00000  37.19164   1.03000   0.83000   5.15701
 -1.22432   0.00000  36.71416   1.07000   0.86000   0.01370
 -3.11568   0.00000  36.08505   1.11000   0.90000   4.33224
 -4.70839   0.00000  35.46634   1.15000   0.93000  -0.10515
 -6.02081   0.00000  34.89189   1.18000   0.96000   2.64603
 -7.70141   0.00000  34.06647   1.22000   1.00000   5.69643
 -9.11523   0.00000  33.29042   1.26000   1.03000   1.51489
-10.65596   0.00000  32.35182   1.30000   1.07000   3.74435
-11.95470   0.00000  31.48077   1.34000   1.10000  -0.53896
 22.98891  -0.00000 -25.47891  -0.90000  -0.90000  97.08623
 24.25821  -0.00000 -25.17914  -0.86000  -0.86000 100.78453
 25.53428  -0.00000 -24.79687  -0.82000  -0.82000 105.57045
 26.68201  -0.00000 -24.41548  -0.78000  -0.79000 106.31799
 27.97432  -0.00000 -23.86612  -0.74000  -0.75000 112.66429
 28.94765  -0.00000 -23.39139  -0.71000  -0.72000 118.00034
 30.24863  -0.00000 -22.67044  -0.67000  -0.68000 125.86507
 31.54957  -0.00000 -21.84382  -0.63000  -0.64000 134.56956
 32.71738  -0.00000 -21.04711  -0.59000  -0.61000 136.77546
 34.00471  -0.00000 -20.00585  -0.55000  -0.57000 146.42976
 34.95808  -0.00000 -19.14550  -0.52000  -0.54000 154.12840
 36.20561  -0.00000 -17.88876  -0.48000  -0.50000 164.96559
 37.41638  -0.00000 -16.50314  -0.44000  -0.46000 176.40048
 38.47804  -0.00000 -15.18911  -0.40000  -0.43000 177.47974
 39.58808  -0.00000 -13.55224  -0.36000  -0.39000 188.90468
 40.37235  -0.00000 -12.23673  -0.33000  -0.36000 197.64750
 41.34146  -0.00000 -10.36671  -0.29000  -0.32000 209.43699
 42.20834  -0.00000  -8.36722  -0.25000  -0.28000 221.25022
 42.91453  -0.00000  -6.50607  -0.21000  -0.25000 217.34209
 43.54517  -0.00000  -4.27748  -0.17000  -0.21000 227.63128
 43.92062  -0.00000  -2.53554  -0.14000  -0.18000 235.06167
 44.27857  -0.00000  -0.12933  -0.10000  -0.14000 244.46639
 44.46014   0.00000   2.35822  -0.06000  -0.10000 253.16299
 44.50205   0.00000   4.61438  -0.02000  -0.07000 240.58846
 44.31568   0.00000   6.85194   0.01000  -0.03000 266.27110
 44.06287   0.00000   8.80971   0.04000   0.00000 270.93559
 43.65015   0.00000  11.13380   0.08000   0.03000 253.74623
 42.93791   0.00000  13.74120   0.12000   0.07000 257.20845
 42.16251   0.00000  16.03076   0.16000   0.10000 236.18223
 41.04796   0.00000  18.54962   0.20000   0.14000 237.15478
 40.07711   0.00000  20.38511   0.23000   0.17000 237.26875
 38.61069   0.00000  22.74210   0.27000   0.21000 236.61646
 36.95969   0.00000  24.97587   0.31000   0.25000 235.07321
 35.38259   0.00000  26.85345   0.35000   0.28000 209.38266
 33.42730   0.00000  28.80519   0.39000   0.32000 206.71008
 31.87268   0.00000  30.15660   0.42000   0.35000 204.31447
 29.69949   0.00000  31.79956   0.46000   0.39000 200.63291
 27.43200   0.00000  33.25353   0.50000   0.43000 196.43513
 25.38157   0.00000  34.40071   0.54000   0.46000 171.88002
 22.99582   0.00000  35.48882   0.58000   0.50000 167.86215
 21.18526   0.00000  36.17730   0.61000   0.53000 164.64324
 18.75925   0.00000  36.92810   0.65000   0.57000 160.10240
 16.33695   0.00000  37.49343   0.69000   0.61000 155.30946
 14.21996   0.00000  37.86768   0.73000   0.64000 135.47246
 11.84808   0.00000  38.10691   0.77000   0.68000 131.44174
 10.09962   0.00000  38.18178   0.80000   0.71000 128.31282
  7.81788   0.00000  38.15143   0.84000   0.75000 124.02898
  5.60111   0.00000  37.98325   0.88000   0.79000 119.65466
  3.70301   0.00000  37.75020   0.92000   0.82000 105.13061
  1.62494   0.00000  37.35471   0.96000   0.86000 101.59299
  0.11892   0.00000  36.98925   0.99000   0.89000  98.91711
 -1.81738   0.00000  36.41888   1.03000   0.93000  95.35416
 -3.67101   0.00000  35.76282   1.07000   0.97000  91.83713
 -5.24447   0.00000  35.13658   1.11000   1.00000  81.65072
 -6.94575   0.00000  34.34251   1.15000   1.04000  78.88994
 -8.16996   0.00000  33.70569   1.18000   1.07000  76.88072
 -9.73566   0.00000  32.80637   1.22000   1.11000  74.31706
-11.22860   0.00000  31.85394   1.26000   1.15000  71.92312
-12.49927   0.00000  30.98333   1.30000   1.18000  64.78445
-13.86816   0.00000  29.93738   1.34000   1.22000  63.05778
 22.98891  -0.00000 -25.47891  -0.90000  -0.90000  97.08623
 24.25821  -0.00000 -25.17914  -0.86000  -0.86000 100.78453
 25.53428  -0.00000 -24.79687  -0.82000  -0.82000 105.57045
 26.81819  -0.00000 -24.32796  -0.78000  -0.78000 111.36147
 28.10952  -0.00000 -23.76765  -0.74000  -0.74000 118.10902
 29.08187  -0.00000 -23.28433  -0.71000  -0.71000 123.77962
 30.38110  -0.00000 -22.55145  -0.67000  -0.67000 132.13823
 31.67962  -0.00000 -21.71235  -0.63000  -0.63000 141.39445
 32.97193  -0.00000 -20.76148  -0.59000  -0.59000 151.53140
 34.25110  -0.00000 -19.69345  -0.55000  -0.55000 162.52587
 35.19692  -0.00000 -18.81253  -0.52000  -0.52000 171.31455
 36.43221  -0.00000 -17.52786  -0.48000  -0.48000 183.71912
 37.62802  -0.00000 -16.11400  -0.44000  -0.44000 196.84990
 38.77211  -0.00000 -14.56833  -0.40000  -0.40000 210.62383
 39.85098  -0.00000 -12.88960  -0.36000  -0.36000 224.93469
 40.60856  -0.00000 -11.54345  -0.33000  -0.33000 235.94235
 41.53750  -0.00000  -9.63413  -0.29000  -0.29000 250.86257
 42.35890  -0.00000  -7.59790  -0.25000  -0.25000 265.89968
 43.05634  -0.00000  -5.44122  -0.21000  -0.21000 280.85689
 43.61341  -0.00000  -3.17316  -0.17000  -0.17000 295.51870
 43.92950  -0.00000  -1.40599  -0.14000  -0.14000 306.18370
 44.20326   0.00000   1.02707  -0.10000  -0.10000 319.77267
 44.29568   0.00000   3.53273  -0.06000  -0.06000 332.42352
 44.19488   0.00000   6.09212  -0.02000  -0.02000 343.90597
 43.98672   0.00000   8.03434   0.01000   0.01000 351.62048
 43.66157   0.00000   9.98543   0.04000   0.04000 358.47285
 43.04287   0.00000  12.58342   0.08000   0.08000 366.14131
 42.21129   0.00000  15.15501   0.12000   0.12000 371.99925
 41.16880   0.00000  17.67547   0.16000   0.16000 375.93737
 39.92100   0.00000  20.12041   0.20000   0.20000 377.88760
 38.85579   0.00000  21.89041   0.23000   0.23000 378.02907
 37.27274   0.00000  24.14781   0.27000   0.27000 376.46663
 35.51737   0.00000  26.26959   0.31000   0.31000 372.95144
 33.60708   0.00000  28.23815   0.35000   0.35000 367.57390
 31.56141   0.00000  30.03885   0.39000   0.39000 360.46085
 29.95093   0.00000  31.27224   0.42000   0.42000 354.08139
 27.71955   0.00000  32.75382   0.46000   0.46000 344.32808
 25.41248   0.00000  34.04437   0.50000   0.50000 333.33297
 23.05175   0.00000  35.14176   0.54000   0.54000 321.30945
 20.65868   0.00000  36.04694   0.58000   0.58000 308.47809
 18.85480   0.00000  36.60186   0.61000   0.61000 298.45748
 16.45254   0.00000  37.18120   0.65000   0.65000 284.74057
 14.06918   0.00000  37.58427   0.69000   0.69000 270.80565
 11.71976   0.00000  37.82045   0.73000   0.73000 256.84465
  9.41715   0.00000  37.90035   0.77000   0.77000 243.03107
  7.72743   0.00000  37.86456   0.80000   0.80000 232.86032
  5.53115   0.00000  37.69866   0.84000   0.84000 219.65908
  3.40592   0.00000  37.40856   0.88000   0.88000 206.97274
  1.35678   0.00000  37.00587   0.92000   0.92000 194.89486
 -0.61298   0.00000  36.50178   0.96000   0.96000 183.49978
 -2.03714   0.00000  36.06350   0.99000   0.99000 175.43679
 -3.86472   0.00000  35.40665   1.03000   1.03000 165.36705
 -5.61139   0.00000  34.67504   1.07000   1.07000 156.10809
 -7.27872   0.00000  33.87649   1.11000   1.11000 147.68911
 -8.86911   0.00000  33.01763   1.15000   1.15000 140.13685
-10.01326   0.00000  32.33720   1.18000   1.18000 135.05896
-11.47687   0.00000  31.38498   1.22000   1.22000 129.10016
-12.87342   0.00000  30.38403   1.26000   1.26000 124.11790
-14.20740   0.00000  29.33576   1.30000   1.30000 120.19266
-15.48366   0.00000  28.23984   1.34000   1.34000 117.45379
